0 -3.97283
1 -3.81882
2 -3.66481
3 -3.52957
4 -3.41223
5 -3.30106
6 -3.18103
7 -3.039
8 -2.9091
9 -2.80731
10 -2.7504
11 -2.7285
12 -2.69592
13 -2.65942
14 -2.59784
15 -2.51448
16 -2.44124
17 -2.40017
18 -2.37736
19 -2.33713
20 -2.29392
21 -2.25762
22 -2.18994
23 -2.12589
24 -2.07924
25 -2.07755
26 -2.07397
27 -2.03659
28 -2.00282
29 -1.95885
30 -1.90592
31 -1.84466
32 -1.7877
33 -1.71452
34 -1.65293
35 -1.60292
36 -1.55255
37 -1.50761
38 -1.46864
39 -1.40713
40 -1.33156
41 -1.27022
42 -1.25755
43 -1.30461
44 -1.33149
45 -1.33161
46 -1.31032
47 -1.29645
48 -1.27085
49 -1.24979
50 -1.23051
51 -1.20799
52 -1.19381
53 -1.18061
54 -1.17121
55 -1.1569
56 -1.13593
57 -1.10572
58 -1.06726
59 -1.03998
60 -1.02333
61 -1.02107
62 -1.01178
63 -1.00673
64 -0.986958
65 -0.953793
66 -0.896616
67 -0.829206
68 -0.779094
69 -0.73933
70 -0.710047
71 -0.694148
72 -0.686937
73 -0.68978
74 -0.701144
75 -0.716184
76 -0.725033
77 -0.722749
78 -0.69226
79 -0.641036
80 -0.603672
81 -0.622355
82 -0.657444
83 -0.67033
84 -0.680503
85 -0.701549
86 -0.725486
87 -0.737392
88 -0.725657
89 -0.6905
90 -0.636668
91 -0.57996
92 -0.535029
93 -0.508063
94 -0.516319
95 -0.523321
96 -0.502461
97 -0.472394
98 -0.439801
99 -0.407256
100 -0.377816
101 -0.361179
102 -0.351946
103 -0.342534
104 -0.344191
105 -0.351312
106 -0.362568
107 -0.357733
108 -0.304704
109 -0.2406
110 -0.183102
111 -0.144403
112 -0.132915
113 -0.134238
114 -0.1322
115 -0.125222
116 -0.108135
117 -0.0888558
118 -0.0663445
119 -0.053404
120 -0.0593831
121 -0.079932
122 -0.107179
123 -0.125764
124 -0.124809
125 -0.106395
126 -0.0754457
127 -0.0391816
128 -3.77476e-15
129 0.055832
130 0.125842
131 0.181101
132 0.196294
133 0.162988
134 0.116782
135 0.0872592
136 0.0729875
137 0.0785053
138 0.0999691
139 0.124587
140 0.144824
141 0.159265
142 0.165835
143 0.174103
144 0.193639
145 0.231787
146 0.281654
147 0.336683
148 0.391161
149 0.440099
150 0.466345
151 0.453167
152 0.430745
153 0.409315
154 0.402119
155 0.413076
156 0.451543
157 0.513375
158 0.59626
159 0.678571
160 0.732176
161 0.712872
162 0.623073
163 0.512885
164 0.43479
165 0.414226
166 0.430956
167 0.468862
168 0.507995
169 0.541237
170 0.567177
171 0.583864
172 0.604808
173 0.623484
174 0.639439
175 0.648514
176 0.64651
177 0.63823
178 0.631069
179 0.639661
180 0.666112
181 0.694121
182 0.708967
183 0.718394
184 0.732712
185 0.77019
186 0.816328
187 0.861793
188 0.8904
189 0.918835
190 0.944778
191 0.964536
192 0.979918
193 0.991027
194 0.996407
195 1.00013
196 1.00367
197 1.01073
198 1.02283
199 1.04149
200 1.06821
201 1.10452
202 1.14884
203 1.20373
204 1.24879
205 1.26791
206 1.26676
207 1.24936
208 1.22863
209 1.216
210 1.20748
211 1.2007
212 1.19758
213 1.18814
214 1.17956
215 1.17377
216 1.18749
217 1.23754
218 1.29761
219 1.35437
220 1.40399
221 1.45147
222 1.50163
223 1.54685
224 1.58246
225 1.60305
226 1.5993
227 1.58573
228 1.57881
229 1.58593
230 1.61476
231 1.64592
232 1.6643
233 1.67831
234 1.69513
235 1.71802
236 1.75244
237 1.78736
238 1.81658
239 1.83773
240 1.85582
241 1.863
242 1.8552
243 1.83119
244 1.79927
245 1.78498
246 1.8019
247 1.83398
248 1.86534
249 1.88894
250 1.91975
251 1.96363
252 2.01645
253 2.06872
254 2.12321
255 2.1777
---------------------------------------
0 -3.58582
1 -3.49542
2 -3.40502
3 -3.35172
4 -3.30011
5 -3.24727
6 -3.18547
7 -3.12474
8 -3.0681
9 -3.00967
10 -2.94536
11 -2.88673
12 -2.82201
13 -2.76311
14 -2.73119
15 -2.69762
16 -2.66496
17 -2.63151
18 -2.59057
19 -2.54187
20 -2.50705
21 -2.45584
22 -2.41567
23 -2.37861
24 -2.32382
25 -2.26859
26 -2.20002
27 -2.12742
28 -2.1007
29 -2.11287
30 -2.11002
31 -2.0694
32 -1.9852
33 -1.89476
34 -1.82848
35 -1.81289
36 -1.82114
37 -1.81535
38 -1.80385
39 -1.77813
40 -1.73588
41 -1.68441
42 -1.62743
43 -1.58212
44 -1.54821
45 -1.5076
46 -1.47152
47 -1.44434
48 -1.40682
49 -1.3631
50 -1.31532
51 -1.29888
52 -1.29307
53 -1.28921
54 -1.27606
55 -1.25473
56 -1.22523
57 -1.18757
58 -1.15054
59 -1.13013
60 -1.11189
61 -1.08953
62 -1.04095
63 -0.968731
64 -0.879063
65 -0.795337
66 -0.766382
67 -0.776213
68 -0.801857
69 -0.83897
70 -0.85645
71 -0.844556
72 -0.812888
73 -0.783591
74 -0.79442
75 -0.815786
76 -0.837224
77 -0.851978
78 -0.847743
79 -0.822661
80 -0.771694
81 -0.712157
82 -0.663648
83 -0.630073
84 -0.613026
85 -0.61649
86 -0.610299
87 -0.594163
88 -0.577087
89 -0.563155
90 -0.555481
91 -0.553658
92 -0.561721
93 -0.575589
94 -0.574642
95 -0.558998
96 -0.552522
97 -0.542735
98 -0.522012
99 -0.499745
100 -0.497478
101 -0.525974
102 -0.567579
103 -0.592114
104 -0.593644
105 -0.575787
106 -0.528051
107 -0.459007
108 -0.375067
109 -0.294919
110 -0.236625
111 -0.200297
112 -0.196818
113 -0.218104
114 -0.242437
115 -0.267965
116 -0.289698
117 -0.312719
118 -0.350897
119 -0.359599
120 -0.323282
121 -0.283418
122 -0.232018
123 -0.186999
124 -0.147185
125 -0.109511
126 -0.0708701
127 -0.0292789
128 2.24265e-14
129 0.0246781
130 0.0556066
131 0.0743144
132 0.0547643
133 0.0231829
134 0.0110733
135 0.0259471
136 0.0753161
137 0.132893
138 0.174311
139 0.165649
140 0.107994
141 0.0580779
142 0.0490104
143 0.0592721
144 0.0741255
145 0.0918268
146 0.125639
147 0.161087
148 0.19223
149 0.22409
150 0.261518
151 0.298974
152 0.330587
153 0.352864
154 0.36461
155 0.364628
156 0.353881
157 0.331563
158 0.305937
159 0.286449
160 0.269629
161 0.252007
162 0.259661
163 0.304898
164 0.358608
165 0.398769
166 0.402476
167 0.376593
168 0.339867
169 0.302908
170 0.290383
171 0.326959
172 0.383478
173 0.437514
174 0.483938
175 0.525269
176 0.560057
177 0.592099
178 0.620378
179 0.636006
180 0.633673
181 0.645138
182 0.676033
183 0.705568
184 0.729789
185 0.744401
186 0.746243
187 0.732623
188 0.704993
189 0.677876
190 0.678015
191 0.685118
192 0.710183
193 0.759728
194 0.808443
195 0.845615
196 0.867488
197 0.876966
198 0.880583
199 0.889248
200 0.913277
201 0.94748
202 0.986208
203 1.02476
204 1.06706
205 1.11677
206 1.17355
207 1.22997
208 1.27655
209 1.29904
210 1.28318
211 1.23656
212 1.19049
213 1.16188
214 1.14376
215 1.12917
216 1.12145
217 1.12397
218 1.1295
219 1.13971
220 1.15629
221 1.1675
222 1.16568
223 1.16493
224 1.18336
225 1.24479
226 1.3147
227 1.37925
228 1.43992
229 1.49193
230 1.53479
231 1.56853
232 1.59415
233 1.61741
234 1.64153
235 1.65889
236 1.66473
237 1.65919
238 1.6453
239 1.63928
240 1.63506
241 1.63487
242 1.65586
243 1.69152
244 1.72638
245 1.76282
246 1.78854
247 1.80428
248 1.82218
249 1.88702
250 1.96806
251 2.03554
252 2.08877
253 2.13614
254 2.17198
255 2.20781
---------------------------------------
0 -3.1689
1 -3.06989
2 -2.97088
3 -2.89968
4 -2.86911
5 -2.90688
6 -2.93125
7 -2.93089
8 -2.90579
9 -2.86025
10 -2.81452
11 -2.77428
12 -2.73666
13 -2.68956
14 -2.63848
15 -2.58113
16 -2.53155
17 -2.47511
18 -2.40297
19 -2.3517
20 -2.32743
21 -2.29213
22 -2.23358
23 -2.17054
24 -2.11051
25 -2.05735
26 -1.99512
27 -1.91412
28 -1.8617
29 -1.8646
30 -1.87006
31 -1.86343
32 -1.85038
33 -1.83586
34 -1.80854
35 -1.7691
36 -1.72101
37 -1.66888
38 -1.60791
39 -1.55762
40 -1.51113
41 -1.47394
42 -1.47446
43 -1.47042
44 -1.45366
45 -1.43198
46 -1.40426
47 -1.36531
48 -1.32311
49 -1.28712
50 -1.256
51 -1.22449
52 -1.19641
53 -1.17377
54 -1.15196
55 -1.12974
56 -1.10655
57 -1.07038
58 -1.02592
59 -0.981341
60 -0.937005
61 -0.89149
62 -0.851034
63 -0.848903
64 -0.847877
65 -0.83872
66 -0.819304
67 -0.795039
68 -0.76939
69 -0.755776
70 -0.746904
71 -0.739546
72 -0.724905
73 -0.701
74 -0.672974
75 -0.640917
76 -0.604841
77 -0.575591
78 -0.54098
79 -0.492721
80 -0.442171
81 -0.425466
82 -0.443588
83 -0.466688
84 -0.46488
85 -0.434324
86 -0.381883
87 -0.324808
88 -0.285558
89 -0.261953
90 -0.295488
91 -0.336505
92 -0.357379
93 -0.360087
94 -0.35629
95 -0.357582
96 -0.353022
97 -0.339718
98 -0.319209
99 -0.290539
100 -0.249032
101 -0.191954
102 -0.134708
103 -0.0972351
104 -0.10266
105 -0.133066
106 -0.173455
107 -0.207332
108 -0.230737
109 -0.25281
110 -0.278526
111 -0.305223
112 -0.314324
113 -0.287886
114 -0.232139
115 -0.169619
116 -0.125828
117 -0.0862859
118 -0.0623714
119 -0.0369998
120 -0.00937736
121 0.0163341
122 0.0342309
123 0.0455817
124 0.0506772
125 0.0333234
126 0.0120183
127 0.00182681
128 -2.66454e-15
129 0.00300686
130 0.0236685
131 0.07887
132 0.186317
133 0.261234
134 0.27902
135 0.265529
136 0.239744
137 0.218271
138 0.201816
139 0.181312
140 0.161153
141 0.155998
142 0.163219
143 0.177802
144 0.208588
145 0.247236
146 0.260912
147 0.250276
148 0.238778
149 0.263493
150 0.303653
151 0.338279
152 0.367121
153 0.38906
154 0.414617
155 0.430019
156 0.438398
157 0.447292
158 0.462531
159 0.479926
160 0.491744
161 0.495576
162 0.500963
163 0.512853
164 0.529068
165 0.54639
166 0.55967
167 0.568294
168 0.570427
169 0.564738
170 0.557797
171 0.558226
172 0.562914
173 0.58095
174 0.596001
175 0.590206
176 0.575605
177 0.581631
178 0.644854
179 0.720249
180 0.773668
181 0.779197
182 0.764071
183 0.734973
184 0.70924
185 0.723307
186 0.759586
187 0.797998
188 0.83345
189 0.863442
190 0.885476
191 0.894909
192 0.888665
193 0.870339
194 0.832121
195 0.79072
196 0.76865
197 0.774776
198 0.789305
199 0.809593
200 0.864166
201 0.934283
202 1.00167
203 1.05694
204 1.09339
205 1.10634
206 1.10375
207 1.10541
208 1.14432
209 1.19957
210 1.25199
211 1.27935
212 1.29276
213 1.30289
214 1.30684
215 1.30943
216 1.30992
217 1.30789
218 1.30631
219 1.30542
220 1.30744
221 1.29962
222 1.28891
223 1.27919
224 1.2878
225 1.30777
226 1.33146
227 1.37778
228 1.43258
229 1.48137
230 1.5196
231 1.55649
232 1.59765
233 1.63703
234 1.66963
235 1.69402
236 1.71544
237 1.73578
238 1.75743
239 1.78903
240 1.83483
241 1.88232
242 1.92084
243 1.93216
244 1.92192
245 1.87799
246 1.80325
247 1.7278
248 1.70199
249 1.74435
250 1.82379
251 1.92287
252 2.02147
253 2.10548
254 2.19414
255 2.2828
---------------------------------------
