-0.9130672586042052;
-0.8498693693481771;
-0.7940738291833931;
-0.7448581548774859;
-0.7049310684446075;
-0.6745246227800198;
-0.6532130280167212;
-0.6404078260225028;
-0.6355121843239451;
-0.6379697583310941;
-0.6472774231922401;
-0.662985151678503;
-0.6846915351083971;
-0.7120381843673822;
-0.7447042394343364;
-0.7824014151750267;
-0.8248696876533491;
-0.8718735981180915;
-0.9231991073214448;
-0.978650922908588;
-1.038050226540208;
-1.101232736137874;
-1.168047048306331;
-1.238353215025833;
-1.309387773990808;
-1.378809399850637;
-1.444627889150068;
-1.505146848354924;
-1.558917090004852;
-1.60469847114685;
-1.641428442498534;
-1.668195972710369;
-1.684219808528146;
-1.686697165215374;
-1.673168736014327;
-1.630929926752105;
-1.566243918413469;
-1.493513670629833;
-1.425677081019753;
-1.385974178731755;
-1.351787817130165;
-1.322248342077057;
-1.296561683054442;
-1.274001751272239;
-1.253903735738655;
-1.235658175043141;
-1.214190192645358;
-1.184850544475274;
-1.149430477334803;
-1.109583062870513;
-1.06906328969154;
-1.031351609237671;
-0.9996638175200017;
-0.9726963286380499;
-0.9492370929071442;
-0.9281582874940317;
-0.9174743603005664;
-0.9193281551713541;
-0.9357098275322573;
-0.9684685469390149;
-1.011975529412564;
-1.060959263650208;
-1.110480000902422;
-1.15590637833144;
-1.192893969660734;
-1.212474672136163;
-1.21387239999128;
-1.196364810518573;
-1.159279603934464;
-1.101991113678528;
-1.031797310061255;
-0.9555959211673681;
-0.8799091080280503;
-0.8109063554634681;
-0.7613603835056764;
-0.7274888442359586;
-0.7057004138890621;
-0.6924412000027083;
-0.6843344206414887;
-0.6781704547568281;
-0.670897549210234;
-0.6620681053709939;
-0.654400200814456;
-0.6438041946600381;
-0.6310295528362297;
-0.6177713645056244;
-0.5985032928119527;
-0.5777238984740907;
-0.5597299761358968;
-0.5429246363036633;
-0.5257808802855056;
-0.5124276080654686;
-0.5112329572043763;
-0.5131059079517071;
-0.5093374826736945;
-0.486362601870692;
-0.4435812093804856;
-0.3804219486465317;
-0.3049257464237059;
-0.2312028855605087;
-0.1696785400542509;
-0.124367554044664;
-0.09912575362540399;
-0.09465892616108784;
-0.1060102963435898;
-0.1284072505094615;
-0.1560998598673871;
-0.1835502122647845;
-0.2026630820629535;
-0.2056389941863712;
-0.1976319349912448;
-0.1836136176372921;
-0.1683807378953051;
-0.1505016974279235;
-0.1285950960179703;
-0.1084412752963741;
-0.09562271254272203;
-0.09553159064157402;
-0.1064134319275066;
-0.1265706874499951;
-0.1489752274518332;
-0.166829029935823;
-0.1735557434316276;
-0.1627926137784134;
-0.1379060321917345;
-0.1046118387531558;
-0.06726920941866421;
-0.03010160634862319;
4.429623334800681e-12;
0.02623648936220457;
0.04813489100630769;
0.06451947921220008;
0.08350427624532747;
0.1047948288225839;
0.1263709884425366;
0.1473863876230491;
0.1679167236525487;
0.1887007270949821;
0.2105021326337486;
0.2341106375280509;
0.2603702586967114;
0.2901539739448196;
0.3284877968533226;
0.3693698698989296;
0.4046268809680318;
0.4329155056915527;
0.452844706645894;
0.4660563573834925;
0.4792513491711762;
0.4993810552639448;
0.5233192190613307;
0.5509818300396003;
0.582280971157437;
0.6171246389998555;
0.6476911714764745;
0.6658499896850727;
0.6702846883219705;
0.6582094470557434;
0.6358427514627163;
0.6096616359735272;
0.586413793573036;
0.573130363245667;
0.5771394400474051;
0.5965495427562439;
0.6227127799460469;
0.6465995822748484;
0.6664733749486235;
0.68281817454186;
0.6976124453031725;
0.7129260040548069;
0.731043427027823;
0.7471754524524697;
0.7563053396311339;
0.7529101954573723;
0.7368526472043035;
0.7079923056463528;
0.6783257347531518;
0.6614043227743357;
0.6524966620216046;
0.6489208601622291;
0.6478520978731651;
0.6463140567955845;
0.6461064964531572;
0.6470492106391385;
0.6519549335807595;
0.6637933038989365;
0.6829531496253076;
0.7098428465894902;
0.7448915405286545;
0.7885504633022616;
0.8426841937733139;
0.8931029140674616;
0.9334805029067236;
0.9570941814766725;
0.9690636227303375;
0.9748501869409525;
0.9725931992181673;
0.9677915242418649;
0.9595266447506091;
0.9579799384964266;
0.9740556651309913;
0.9901384775431312;
0.9988967262072075;
1.008045397047975;
1.025892447195372;
1.061390763569628;
1.124195616000239;
1.197575639221028;
1.271727909436817;
1.336014903217934;
1.388575731180262;
1.427395253054736;
1.450501246252963;
1.456023090332768;
1.448688424909038;
1.433700437801135;
1.416363730129772;
1.402529560531265;
1.397786265593384;
1.405545524623527;
1.425794919328964;
1.458501338377783;
1.495064032561992;
1.534583598770356;
1.573178048925529;
1.608216972438063;
1.631204403019566;
1.637537403301063;
1.634232160855631;
1.629367559996055;
1.632267963443692;
1.639155080100753;
1.645609153748524;
1.64132226558994;
1.626569641275105;
1.626882459587979;
1.648453252372803;
1.689128597707778;
1.727503477596273;
1.747745975962785;
1.75126819234158;
1.753876101873608;
1.777747273373366;
1.819615689445944;
1.863037394308157;
1.908449923888323;
1.947485475552056;
2.026056325934903;
2.155069266618028;
2.30998911132488;
2.458133494066431;
2.622443699956648;
2.844354076579617;
3.129002566785964;
3.432087644964271;
3.614128841153313;
