1.302083229327967;
1.219044362440449;
1.136005495552978;
1.052966628665493;
0.9699277617780249;
0.8868888948905665;
0.8038500280030965;
0.7208111611156182;
0.6377722942281694;
0.5547334273407005;
0.4716945604532353;
0.3886556935657664;
0.3056168266783136;
0.2225779597908689;
0.1395390929034224;
0.05650022601597604;
-0.02653864087147262;
-0.1095775077589103;
-0.1926163746463476;
-0.2756552415337804;
-0.3586941084212084;
-0.4417329753086283;
-0.52477184219604;
-0.6078107090834572;
-0.6908495759708929;
-0.7738884428582984;
-0.8569273097457202;
-0.9399661766331265;
-1.019562618381163;
-1.092740840606582;
-1.156922858467839;
-1.209871322492444;
-1.249641752780462;
-1.274542423788856;
-1.283100509014586;
-1.274033377526808;
-1.246224153613654;
-1.198700822255261;
-1.130618298097859;
-1.047025768207658;
-0.9524995114190523;
-0.8511932383572907;
-0.7468821740976624;
-0.6430017772307667;
-0.5426818450805103;
-0.4487766365714922;
-0.3638915467088709;
-0.2904067858358222;
-0.2285457016675181;
-0.1785040991808268;
-0.1404529766570674;
-0.1145409638207628;
-0.1008964985757956;
-0.09962977383516902;
-0.1108344816962146;
-0.1345893786006714;
-0.1709596920376936;
-0.2050310500254074;
-0.2229012906660558;
-0.2291073913675922;
-0.2278953855412605;
-0.2232414297356792;
-0.2188710826072269;
-0.2182769711508439;
-0.2247350000777711;
-0.241319243120146;
-0.2709156400342441;
-0.3162346098806071;
-0.3798226795367758;
-0.4640732161427733;
-0.5592426614810543;
-0.6561243267019641;
-0.7460152411644493;
-0.8206854004586921;
-0.8723492126653785;
-0.9057307630686502;
-0.9253151028353469;
-0.9353619734454247;
-0.9399186039795235;
-0.9428316538991381;
-0.9438819015762218;
-0.9428613853316877;
-0.939572780177736;
-0.9338288146573361;
-0.9254517248028231;
-0.9142727424861374;
-0.9001316156621068;
-0.8828761582113388;
-0.8623618272777273;
-0.838451326165071;
-0.8110142310121823;
-0.7799266396072626;
-0.7450708408298923;
-0.7063350033269115;
-0.6636128821350381;
-0.6176334980879397;
-0.5690965194378022;
-0.5186736032326824;
-0.4677653867685891;
-0.4186044832861989;
-0.3733347450792708;
-0.3340151971453905;
-0.3102177394412993;
-0.2966554942500237;
-0.2848820973355078;
-0.2749500902915671;
-0.2669097229490135;
-0.2608090537500913;
-0.2559253834317566;
-0.2426703687285197;
-0.2193771947071319;
-0.1844402001466519;
-0.1363124133369172;
-0.08210083099249954;
-0.02866620522009355;
0.0173673891419539;
0.04960342455673983;
0.06186420495023104;
0.06076441477323558;
0.05270015151802288;
0.04385705340881996;
0.04021807110218323;
0.0411959086574305;
0.04342674633359112;
0.04365423663944756;
0.0398191145482294;
0.03099415233663572;
0.01628171509267284;
-5.390476953692769e-11;
-0.01153315039699221;
-0.01600002511118426;
-0.01100964147964278;
0.005904896223888678;
0.03728915175086966;
0.0795415333560624;
0.1289399360323124;
0.1816372169139886;
0.237953096107331;
0.2917455899706666;
0.3393127624194254;
0.380973614917592;
0.4187218656556086;
0.4546217742563711;
0.4908109503050928;
0.5216592048842048;
0.5413343271096067;
0.556420782882117;
0.5740075404111588;
0.5912662176534053;
0.6108761848043499;
0.6291891448316983;
0.6474451901799079;
0.6648642838467094;
0.6806362536931806;
0.6950136845862644;
0.7079572022534655;
0.7195822852090615;
0.7300093409862145;
0.7393639356802459;
0.7452363494399353;
0.7582864203891023;
0.7788570952291366;
0.8043567420380464;
0.8314885855847998;
0.8574241247526486;
0.8792108260752862;
0.8958291999398453;
0.9062152187626186;
0.9153746911346791;
0.9266551708827597;
0.9480160514047025;
0.9769082178574138;
1.008796514353668;
1.038926405008852;
1.069288611336114;
1.10117362260336;
1.130533971066623;
1.153118074884524;
1.163385832230209;
1.164728211827182;
1.160717635088677;
1.155118873100309;
1.148610281069158;
1.141907709860114;
1.145321839431797;
1.161699322849792;
1.187369635240246;
1.216145321540598;
1.240416540142317;
1.252121177086389;
1.253951098839894;
1.248768321007535;
1.239617012452911;
1.229329495974628;
1.227193772310055;
1.243102491676343;
1.26430943876377;
1.280120738002819;
1.287100121418269;
1.281575501947381;
1.26639037713557;
1.244601139442531;
1.227730622113508;
1.238047121018216;
1.266850493098702;
1.315604898943643;
1.379212896144938;
1.453835566995641;
1.530247650503036;
1.598437544537292;
1.654314077003552;
1.692427165925467;
1.711669730246778;
1.71277941630269;
1.696583698179323;
1.667563728057959;
1.634621727142985;
1.604781524162044;
1.590683612907703;
1.591245610314335;
1.605243539420598;
1.631292913655751;
1.667826822811248;
1.711560704452076;
1.758786579764851;
1.809028921585051;
1.859108024841761;
1.907362959666482;
1.951900140724232;
1.990555293405311;
2.024587114536984;
2.054637896281971;
2.081726534265295;
2.106051263434595;
2.124206915489784;
2.144200602222618;
2.154234680812885;
2.151444264013881;
2.144050089433313;
2.143060507269077;
2.17357616350875;
2.230882738339552;
2.305760940819565;
2.402450229790586;
2.461083966735717;
2.485148889149948;
2.50369723506275;
2.517803150690315;
2.5268469906636;
2.54443843387237;
2.620861282164706;
2.793956541982011;
3.074928394069925;
3.43667008373915;
3.81313414882879;
4.246395423916696;
